<?xml version="1.0"?>
<opencv_storage>
<calibration_Time>"mar 08 oct 2019 11:43:04 CEST"</calibration_Time>
<nrOfFrames>30</nrOfFrames>
<image_Width>640</image_Width>
<image_Height>480</image_Height>
<board_Width>7</board_Width>
<board_Height>9</board_Height>
<square_Size>20.</square_Size>
<FixAspectRatio>1.</FixAspectRatio>
<!-- flags:  +fix_aspectRatio +fix_principal_point +zero_tangent_dist -->
<flagValue>14</flagValue>
<Camera_Matrix type_id="opencv-matrix">
  <rows>3</rows>
  <cols>3</cols>
  <dt>d</dt>
  <data>
    5.2970827452060007e+02 0. 320. 0. 5.2970827452060007e+02 240. 0. 0.
    1.</data></Camera_Matrix>
<Distortion_Coefficients type_id="opencv-matrix">
  <rows>5</rows>
  <cols>1</cols>
  <dt>d</dt>
  <data>
    3.8570763789851178e-02 -2.4748543875033030e-01 0. 0.
    8.6406686628426016e-02</data></Distortion_Coefficients>
<Avg_Reprojection_Error>9.3690543813374538e-01</Avg_Reprojection_Error>
<Per_View_Reprojection_Errors type_id="opencv-matrix">
  <rows>30</rows>
  <cols>1</cols>
  <dt>f</dt>
  <data>
    5.24110556e-01 5.67200601e-01 5.55775523e-01 5.87189138e-01
    5.92099488e-01 5.50306439e-01 5.97327590e-01 5.87586403e-01
    7.95546532e-01 9.79338884e-01 1.15386558e+00 4.47768003e-01
    3.35916817e-01 1.08000767e+00 1.05499899e+00 1.81111526e+00
    1.06543422e+00 1.08676159e+00 1.12758017e+00 1.11601031e+00
    1.11772180e+00 1.01193452e+00 1.17825043e+00 2.12296176e+00
    9.17458951e-01 4.95395511e-01 4.57360923e-01 4.61934149e-01
    4.50074196e-01 4.66823816e-01</data></Per_View_Reprojection_Errors>
<!-- a set of 6-tuples (rotation vector + translation vector) for each view -->
<Extrinsic_Parameters type_id="opencv-matrix">
  <rows>30</rows>
  <cols>6</cols>
  <dt>d</dt>
  <data>
    1.8447252969071998e-01 2.0629582549297343e-01 1.5478489936420550e+00
    1.7366456179509538e+02 -7.3500849983123956e+01
    3.9240950393347623e+02 1.9216939019858001e-01 2.4147561629537659e-01
    1.5547200683301412e+00 1.7424305037547097e+02
    -7.4102361258232989e+01 3.9128693811985437e+02
    1.8854644853087973e-01 2.2515063376203434e-01 1.5468916802797641e+00
    1.7371142836772202e+02 -7.1949250288084272e+01
    3.8982911589105044e+02 1.8552782807329196e-01 2.2839105637891999e-01
    1.5400932103334559e+00 1.7375817072234739e+02
    -7.1400523694237847e+01 3.8883201180806208e+02
    1.8688471059657696e-01 2.4171350811739686e-01 1.5329033472423974e+00
    1.7106911072457305e+02 -7.0345619798236342e+01
    3.8907926140349309e+02 2.0700852077751117e-01 2.7710203923502585e-01
    1.5302004427904274e+00 1.6973802620008942e+02
    -6.9949447388858658e+01 3.8774751976368725e+02
    2.7133237933798049e-01 3.8934746528767111e-01 1.5095494086641472e+00
    1.6435780354316108e+02 -6.6532659429843903e+01
    3.8376516965556021e+02 3.7976932983925676e-01 5.2041764765901988e-01
    1.4862767154835050e+00 1.6018437687774164e+02
    -6.3306765550589574e+01 3.7925033549008742e+02
    4.7184641279208883e-01 6.0558836476238431e-01 1.4666109964657139e+00
    1.5915343656330541e+02 -6.2091920464407274e+01
    3.7376893574764517e+02 5.4651857131023773e-01 6.8339724036490368e-01
    1.4395865362770224e+00 1.5907546674304552e+02
    -6.1549053647030469e+01 3.7398434524643739e+02
    5.6306042318514138e-01 6.6843089419722002e-01 1.4426579759399820e+00
    1.6291946197049896e+02 -5.9354672772357489e+01
    3.7827895219998584e+02 2.1250220335431899e-01 2.4495450775006714e-01
    1.5492897896386093e+00 1.8025475936305799e+02
    -6.1757009550948425e+01 3.9595761367155518e+02
    -3.0412132861064641e-03 2.9839985316768604e-02
    -1.5607354156465367e+00 2.3697509696970027e+01
    5.1768682423636250e+01 4.0896132761176392e+02 1.6429141491095766e-02
    2.2515236087194998e-01 -5.4479451125548595e-01
    6.5264591917186493e+01 -8.1754853530887871e+01
    4.4016220099601031e+02 -2.7704053067318940e-01
    2.7939408715060970e-01 1.6839467076779391e-01 1.4646100239173055e+02
    -8.9060192618032275e+01 4.8821729717831670e+02
    -6.2758856727993348e-02 8.1933408589749679e-01
    4.1249761564686832e-01 1.4460056979447234e+02
    -9.8069555971106567e+01 4.7194254443466855e+02
    -6.6090475907545976e-01 -1.4686548606413816e-01
    -3.0124461933104647e+00 7.7721882570091054e+01
    1.3763079870829336e+02 4.0306332401353939e+02
    -7.9092919705944301e-02 4.5372499032986058e-01
    -5.7819383352790105e-02 -6.4943046399364448e+01
    5.3535631095096967e+00 4.8287766858577453e+02
    -1.0201902546411845e-01 4.6210903088183336e-01
    -7.5404774328856880e-02 -7.7206201938662460e+01
    8.5562212173454419e+00 4.9112983449974911e+02
    -1.0733267184639908e-01 4.6914077796643899e-01
    -8.6926591863471916e-02 -8.0148102622885204e+01
    8.3920469773476256e+00 4.9135702033633180e+02
    -1.2930744410550107e-01 4.7288316249790818e-01
    -6.1183088384411513e-02 -7.3208763996306786e+01
    -7.3019265360040455e+00 4.9892345280369437e+02
    -1.9991758403309046e-01 5.3170444290879337e-01
    2.9312787485568790e-02 -5.2717296830056199e+01
    -4.0712369594849207e+01 5.1830240717696972e+02
    -2.3536783384135976e-01 5.6298777424880997e-01
    1.1627771155870306e-01 -3.7241348312419703e+01
    -5.9806645363789485e+01 5.2768060558588957e+02
    -2.1161991754020466e-02 9.0130533048109374e-01
    1.7003278518121658e+00 2.4518484275714428e+02
    -1.4722247852455405e+02 4.3464188182905366e+02
    3.9416832624655740e-01 5.5020806309282522e-01 1.4293974597478027e+00
    1.4615148135366263e+02 -8.1534513796511703e+01
    3.6616097662334607e+02 -6.4807312374775090e-03
    -1.1877475309582353e-01 -1.5136451559205502e+00
    -5.0793455957071018e+01 8.3039338812935668e+01
    4.1346106635162499e+02 1.4389816511434393e-03
    -1.2135879058869817e-01 -1.5144270617678166e+00
    -4.7837862785479281e+01 8.1691916559465184e+01
    4.1689464147820513e+02 -7.5734246095108583e-04
    -1.1522702262795369e-01 -1.5154867750431560e+00
    -4.9245169711212633e+01 8.2016776510380566e+01
    4.1676413093328915e+02 -1.7015018575521051e-02
    -1.1422226542349746e-01 -1.5169665487100517e+00
    -5.2495195362067314e+01 8.2484788049362734e+01
    4.1662768449209625e+02 -3.6004228209595944e-02
    -1.1818114451104714e-01 -1.5233791889390398e+00
    -5.2795296179580866e+01 8.3169185020901438e+01
    4.1652888167165884e+02</data></Extrinsic_Parameters>
